3,2
3,1
3,3
10,110
10,138
10,66
10,252
10,120
10,32
10,1
10,116
10,2
10,3
11,26
11,22
11,18
11,24
11,4
11,1
11,14
11,2
11,3
9,7
9,4
9,1
9,6
9,2
9,3
8,11
8,16
8,5
8,9
8,8
8,7
8,1
8,12
8,2
8,3
0,521
12,2
12,1
12,3
20,2
20,1
20,3
19,2
19,1
19,3
18,1
18,3
14,3
13,1
13,3
2,2
2,1
2,3
57,5
57,4
57,3
57,2
57,1
57,0
54,6
54,5
54,4
54,3
54,2
54,1
54,0
50,4
50,3
50,2
50,1
50,0
48,9
48,8
48,7
48,6
48,5
48,4
48,3
48,2
48,1
48,0
41,6
41,5
41,4
41,3
41,2
41,1
41,0
38,6
38,5
38,4
38,3
38,2
38,1
38,0
14,5
14,1
14,4
0,0
58,34
58,33
58,32
58,31
58,30
58,29
58,28
